{"name": "oculus_quest2_controller_left", "components": [{"name": "base", "has_model": false, "static": true, "visible": true, "buttons": [], "transform": {"render": [[1.0, 0.0, 0.0, 0.0], [0.0, 1.0, 0.0, 0.0], [0.0, 0.0, 1.0, 0.0]], "local_space": [[-1.0, 6.103211269703479e-10, -8.742064494526858e-08, -0.0034000000450760126], [0.0, 0.9999756217002869, 0.006981260143220425, -0.0034000000450760126], [8.742277657347586e-08, 0.006981260143220425, -0.9999756217002869, 0.14910000562667847]]}}, {"name": "body", "has_model": true, "static": true, "visible": true, "buttons": [], "transform": {"render": [[1.0, 0.0, 0.0, 0.0], [0.0, 1.0, 0.0, 0.0], [0.0, 0.0, 1.0, 0.0]], "local_space": [[1.0, 0.0, 0.0, 0.0], [0.0, 1.0, 0.0, 0.0], [0.0, 0.0, 1.0, 0.0]]}}, {"name": "button_enter", "has_model": true, "static": false, "visible": true, "buttons": ["system"], "transform": {"render": [[1.0, 0.0, 0.0, 0.0], [0.0, 1.0, 0.0, -0.0], [0.0, 0.0, 1.0, 0.0]], "local_space": [[0.9925461411476135, 0.07334280759096146, -0.09732919186353683, -0.004991999827325344], [-0.12186934798955917, 0.5973291993141174, -0.7926826477050781, 0.007486999966204166], [0.0, 0.7986355423927307, 0.6018150448799133, 0.06472299993038177]]}}, {"name": "button_grip", "has_model": true, "static": false, "visible": true, "buttons": ["axis2"], "transform": {"render": [[1.0, 0.0, 0.0, 0.0], [0.0, 1.0, 0.0, 0.0], [0.0, 0.0, 1.0, 0.0]], "local_space": [[-0.12096071988344193, 0.12186934798955917, -0.9851478934288025, 0.017475999891757965], [0.014852110296487808, 0.9925461411476135, 0.12096095830202103, -0.003903999924659729], [0.9925462007522583, 0.0, -0.12186911702156067, 0.09195499867200851]]}}, {"name": "button_x", "has_model": true, "static": false, "visible": true, "buttons": ["grip"], "transform": {"render": [[1.0, 0.0, 0.0, -0.0], [0.0, 1.0, 0.0, 0.0004635106888599694], [0.0, 0.0, 1.0, -0.00018750432354863733]], "local_space": [[0.9925461411476135, 0.07334280759096146, -0.09732919186353683, 0.012733000330626965], [-0.12186934798955917, 0.5973291993141174, -0.7926826477050781, 0.00598251074552536], [0.0, 0.7986355423927307, 0.6018150448799133, 0.06117149442434311]]}}, {"name": "button_y", "has_model": true, "static": false, "visible": true, "buttons": ["menu"], "transform": {"render": [[1.0, 0.0, 0.0, -0.0], [0.0, 1.0, 0.0, 0.0004635106888599694], [0.0, 0.0, 1.0, -0.00018750432354863733]], "local_space": [[0.9925461411476135, 0.07334280759096146, -0.09732919186353683, 0.020749999210238457], [-0.12186934798955917, 0.5973291993141174, -0.7926826477050781, -0.002219489309936762], [0.0, 0.7986355423927307, 0.6018150448799133, 0.05163649469614029]]}}, {"name": "grip", "has_model": false, "static": true, "visible": true, "buttons": [], "transform": {"render": [[1.0, 0.0, 0.0, 0.0], [0.0, 1.0, 0.0, 0.0], [0.0, 0.0, 1.0, 0.0]], "local_space": [[1.0, 0.0, 0.0, 0.0], [0.0, 0.9961382150650024, -0.08779903501272202, 0.003000000026077032], [0.0, 0.08779903501272202, 0.9961382150650024, 0.09700000286102295]]}}, {"name": "handgrip", "has_model": false, "static": true, "visible": true, "buttons": [], "transform": {"render": [[1.0, 0.0, 0.0, 0.0], [0.0, 1.0, 0.0, 0.0], [0.0, 0.0, 1.0, 0.0]], "local_space": [[1.0, 0.0, 0.0, 0.0], [0.0, 0.9961382150650024, -0.08779903501272202, 0.003000000026077032], [0.0, 0.08779903501272202, 0.9961382150650024, 0.09700000286102295]]}}, {"name": "openxr_aim", "has_model": false, "static": true, "visible": true, "buttons": [], "transform": {"render": [[1.0, 0.0, 0.0, 0.0], [0.0, 1.0, 0.0, 0.0], [0.0, 0.0, 1.0, 0.0]], "local_space": [[1.0, 0.0, 0.0, 0.007000000216066837], [0.0, 0.7727335691452026, 0.6347305178642273, -0.038947660475969315], [0.0, -0.6347305178642273, 0.7727335691452026, 0.009496940299868584]]}}, {"name": "openxr_grip", "has_model": false, "static": true, "visible": true, "buttons": [], "transform": {"render": [[1.0, 0.0, 0.0, 0.0], [0.0, 1.0, 0.0, 0.0], [0.0, 0.0, 1.0, 0.0]], "local_space": [[1.0, 0.0, 0.0, 0.007000000216066837], [0.0, 0.9360595345497131, -0.35184165835380554, -0.001829409971833229], [0.0, 0.35184165835380554, 0.9360595345497131, 0.10194820165634155]]}}, {"name": "openxr_handmodel", "has_model": false, "static": true, "visible": true, "buttons": [], "transform": {"render": [[1.0, 0.0, 0.0, 0.0], [0.0, 1.0, 0.0, 0.0], [0.0, 0.0, 1.0, 0.0]], "local_space": [[1.0, 0.0, 0.0, -0.011250000447034836], [0.0, 0.7727335691452026, 0.6347305178642273, -0.001829409971833229], [0.0, -0.6347305178642273, 0.7727335691452026, 0.10194820165634155]]}}, {"name": "thumbstick", "has_model": true, "static": false, "visible": true, "buttons": ["axis0"], "transform": {"render": [[1.0, 0.0, 0.0, 0.0], [0.0, 1.0, 0.0, 0.0], [0.0, 0.0, 1.0, 0.0]], "local_space": [[0.9925461411476135, 0.07334280759096146, -0.09732919186353683, 0.0005869999877177179], [-0.12186934798955917, 0.5973291993141174, -0.7926826477050781, 0.0015020000282675028], [0.0, 0.7986355423927307, 0.6018150448799133, 0.04577599838376045]]}}, {"name": "tip", "has_model": false, "static": true, "visible": true, "buttons": [], "transform": {"render": [[1.0, 0.0, 0.0, 0.0], [0.0, 1.0, 0.0, 0.0], [0.0, 0.0, 1.0, 0.0]], "local_space": [[1.0, 0.0, 0.0, 0.016693999990820885], [0.0, 0.7944146394729614, 0.6073758006095886, -0.025219999253749847], [0.0, -0.6073758006095886, 0.7944146394729614, 0.02468699961900711]]}}, {"name": "trigger", "has_model": true, "static": false, "visible": true, "buttons": ["axis1"], "transform": {"render": [[1.0, 0.0, 0.0, 0.0], [0.0, 1.0, 0.0, 0.0], [0.0, 0.0, 1.0, 0.0]], "local_space": [[1.0, 0.0, 0.0, 0.012067999690771103], [0.0, 0.7071066498756409, 0.70710688829422, -0.03734799847006798], [0.0, -0.70710688829422, 0.7071066498756409, 0.04962800070643425]]}}]}