{"name": "vr_controller_vive_1_5", "components": [{"name": "base", "has_model": false, "static": true, "visible": true, "buttons": [], "transform": {"render": [[1.0, 0.0, 0.0, 0.0], [0.0, 1.0, 0.0, 0.0], [0.0, 0.0, 1.0, 0.0]], "local_space": [[-1.0, -1.252651427030571e-09, 8.741380241872321e-08, 0.0], [-0.0, 0.9998973608016968, 0.014328662306070328, -0.014000000432133675], [-8.742277657347586e-08, 0.014328662306070328, -0.9998973608016968, 0.17399999499320984]]}}, {"name": "body", "has_model": true, "static": true, "visible": true, "buttons": [], "transform": {"render": [[1.0, 0.0, 0.0, 0.0], [0.0, 1.0, 0.0, 0.0], [0.0, 0.0, 1.0, 0.0]], "local_space": [[1.0, 0.0, 0.0, 0.0], [0.0, 0.9961382150650024, -0.08779903501272202, 0.003000000026077032], [0.0, 0.08779903501272202, 0.9961382150650024, 0.09700000286102295]]}}, {"name": "button", "has_model": true, "static": false, "visible": true, "buttons": ["menu"], "transform": {"render": [[1.0, 0.0, 0.0, 0.0], [0.0, 1.0, 0.0, -0.0], [0.0, 0.0, 1.0, 0.0]], "local_space": [[1.0, 0.0, 0.0, 0.0], [0.0, 0.06926893442869186, -0.9975980520248413, 0.00800000037997961], [0.0, 0.9975980520248413, 0.06926893442869186, 0.01899999938905239]]}}, {"name": "front", "has_model": false, "static": true, "visible": true, "buttons": [], "transform": {"render": [[1.0, 0.0, 0.0, 0.0], [0.0, 1.0, 0.0, 0.0], [0.0, 0.0, 1.0, 0.0]], "local_space": [[1.0, 0.0, 0.0, 0.0], [0.0, 0.5735764503479004, 0.8191520571708679, -0.009999999776482582], [0.0, -0.8191520571708679, 0.5735764503479004, -0.007000000216066837]]}}, {"name": "gdc2015", "has_model": false, "static": true, "visible": true, "buttons": [], "transform": {"render": [[1.0, 0.0, 0.0, 0.0], [0.0, 1.0, 0.0, 0.0], [0.0, 0.0, 1.0, 0.0]], "local_space": [[1.0, 0.0, 0.0, 0.0], [0.0, 1.0, 0.0, 0.0], [0.0, 0.0, 1.0, 0.0]]}}, {"name": "grip", "has_model": false, "static": true, "visible": true, "buttons": [], "transform": {"render": [[1.0, 0.0, 0.0, 0.0], [0.0, 1.0, 0.0, 0.0], [0.0, 0.0, 1.0, 0.0]], "local_space": [[1.0, 0.0, 0.0, 0.0], [0.0, 0.9961382150650024, -0.08779903501272202, -0.014999999664723873], [0.0, 0.08779903501272202, 0.9961382150650024, 0.09700000286102295]]}}, {"name": "handgrip", "has_model": false, "static": true, "visible": true, "buttons": [], "transform": {"render": [[1.0, 0.0, 0.0, 0.0], [0.0, 1.0, 0.0, 0.0], [0.0, 0.0, 1.0, 0.0]], "local_space": [[1.0, 0.0, 0.0, 0.0], [0.0, 0.9961382150650024, -0.08779903501272202, 0.003000000026077032], [0.0, 0.08779903501272202, 0.9961382150650024, 0.09700000286102295]]}}, {"name": "led", "has_model": true, "static": true, "visible": true, "buttons": [], "transform": {"render": [[1.0, 0.0, 0.0, 0.0], [0.0, 1.0, 0.0, 0.0], [0.0, 0.0, 1.0, 0.0]], "local_space": [[1.0, 0.0, 0.0, 0.0], [0.0, -0.08945060521364212, -0.9959912300109863, 0.003000000026077032], [0.0, 0.9959912300109863, -0.08945060521364212, 0.09600000083446503]]}}, {"name": "lgrip", "has_model": true, "static": false, "visible": true, "buttons": ["grip"], "transform": {"render": [[1.0, 0.0, 0.0, 0.0], [0.0, 1.0, 0.0, 0.0], [0.0, 0.0, 1.0, 0.0]], "local_space": [[-0.07383004575967789, 0.0, 0.9972708225250244, -0.019999999552965164], [-0.0, 1.0, 0.0, -0.014999999664723873], [-0.9972708225250244, 0.0, -0.07383004575967789, 0.08799999952316284]]}}, {"name": "openxr_handmodel", "has_model": false, "static": true, "visible": true, "buttons": [], "transform": {"render": [[1.0, 0.0, 0.0, 0.0], [0.0, 1.0, 0.0, 0.0], [0.0, 0.0, 1.0, 0.0]], "local_space": [[1.0, 0.0, 0.0, -0.019999999552965164], [0.0, 0.9997496604919434, -0.022373255342245102, -0.02850000001490116], [0.0, 0.022373255342245102, 0.9997496604919434, 0.09700000286102295]]}}, {"name": "openxr_handmodel_r", "has_model": false, "static": true, "visible": true, "buttons": [], "transform": {"render": [[1.0, 0.0, 0.0, 0.0], [0.0, 1.0, 0.0, 0.0], [0.0, 0.0, 1.0, 0.0]], "local_space": [[1.0, 0.0, 0.0, 0.019999999552965164], [0.0, 0.9997496604919434, -0.022373255342245102, -0.02850000001490116], [0.0, 0.022373255342245102, 0.9997496604919434, 0.09700000286102295]]}}, {"name": "rgrip", "has_model": true, "static": false, "visible": true, "buttons": ["grip"], "transform": {"render": [[1.0, 0.0, 0.0, 0.0], [0.0, 1.0, 0.0, 0.0], [0.0, 0.0, 1.0, 0.0]], "local_space": [[-0.07383004575967789, 0.0, -0.9972708225250244, 0.019999999552965164], [0.0, 1.0, -0.0, -0.014999999664723873], [0.9972708225250244, 0.0, -0.07383004575967789, 0.08799999952316284]]}}, {"name": "scroll_wheel", "has_model": true, "static": false, "visible": false, "buttons": ["axis0"], "transform": {"render": [[1.0, 0.0, 0.0, 0.0], [0.0, 1.0, 0.0, 0.0], [0.0, 0.0, 1.0, 0.0]], "local_space": [[4.986165258458186e-09, 1.0, -4.342606985119346e-08, 0.0], [0.11407016962766647, -4.371138828673793e-08, -0.993472695350647, 0.0020000000949949026], [-0.993472695350647, 0.0, -0.11407016962766647, 0.04899999871850014]]}}, {"name": "status", "has_model": true, "static": true, "visible": false, "buttons": [], "transform": {"render": [[1.0, 0.0, 0.0, 0.0], [0.0, 1.0, 0.0, 0.0], [0.0, 0.0, 1.0, 0.0]], "local_space": [[1.0, 0.0, 0.0, 0.0], [0.0, -0.103261299431324, -0.9946542382240295, -0.0020000000949949026], [0.0, 0.9946542382240295, -0.103261299431324, 0.1459999978542328]]}}, {"name": "sys_button", "has_model": true, "static": false, "visible": true, "buttons": ["system"], "transform": {"render": [[1.0, 0.0, 0.0, 0.0], [0.0, 1.0, 0.0, -0.0], [0.0, 0.0, 1.0, 0.0]], "local_space": [[1.0, 0.0, 0.0, 0.0], [0.0, -0.08593858033418655, -0.996300458908081, 0.004000000189989805], [0.0, 0.996300458908081, -0.08593858033418655, 0.08799999952316284]]}}, {"name": "tip", "has_model": false, "static": true, "visible": true, "buttons": [], "transform": {"render": [[1.0, 0.0, 0.0, 0.0], [0.0, 1.0, 0.0, 0.0], [0.0, 0.0, 1.0, 0.0]], "local_space": [[1.0, 0.0, 0.0, 0.0], [0.0, 0.9997496604919434, -0.022373255342245102, -0.009999999776482582], [0.0, 0.022373255342245102, 0.9997496604919434, -0.007000000216066837]]}}, {"name": "trackpad", "has_model": true, "static": false, "visible": true, "buttons": ["axis0"], "transform": {"render": [[1.0, 0.0, 0.0, 0.0], [0.0, 1.0, 0.0, -9.313225746154785e-10], [0.0, 0.0, 1.0, 1.1641532182693481e-09]], "local_space": [[4.986165258458186e-09, 1.0, -4.342606985119346e-08, 0.0], [0.11407016962766647, -4.371138828673793e-08, -0.993472695350647, 0.001999999163672328], [-0.993472695350647, 0.0, -0.11407016962766647, 0.04899999871850014]]}}, {"name": "trackpad_scroll_cut", "has_model": true, "static": true, "visible": false, "buttons": [], "transform": {"render": [[1.0, 0.0, 0.0, 0.0], [0.0, 1.0, 0.0, 0.0], [0.0, 0.0, 1.0, 0.0]], "local_space": [[1.0, 0.0, 0.0, 0.0], [0.0, 1.0, 0.0, 0.0], [0.0, 0.0, 1.0, 0.0]]}}, {"name": "trackpad_touch", "has_model": true, "static": false, "visible": false, "buttons": ["axis0"], "transform": {"render": [[1.0, 0.0, 0.0, 0.0], [0.0, 1.0, 0.0, -9.313225746154785e-10], [0.0, 0.0, 1.0, 1.1641532182693481e-09]], "local_space": [[4.986165258458186e-09, 1.0, -4.342606985119346e-08, 0.0], [0.11407016962766647, -4.371138828673793e-08, -0.993472695350647, 0.001999999163672328], [-0.993472695350647, 0.0, -0.11407016962766647, 0.04899999871850014]]}}, {"name": "trigger", "has_model": true, "static": false, "visible": true, "buttons": ["axis1"], "transform": {"render": [[1.0, 0.0, 0.0, 0.0], [0.0, 1.0, 0.0, 0.0], [0.0, 0.0, 1.0, 0.0]], "local_space": [[1.0, 0.0, 0.0, 0.0], [0.0, 0.10652434080839157, 0.9943100810050964, -0.039000000804662704], [0.0, -0.9943100810050964, 0.10652434080839157, 0.050999999046325684]]}}]}